4 2.42651
5 1.76754
6 1.7055599999999997
7 1.8893999999999997
8 1.8380400000000001
9 3.7554300000000005
10 2.71964
11 2.4141500000000002
12 3.01132
13 2.17592
14 7.92627
15 7.3535900000000005
16 7.08863
17 6.63264
18 6.4742
19 6.15069
20 6.11336
21 5.97796
22 5.8457
23 024 6.15069
25 026 5.99568
27 5.78187
28 8.5111
29 7.16672
30 5.8455
31 7.946160000000001
32 9.3532
33 034 6.60128
35 -4905.5882
36 6.92706
37 6.06839
38 8.5111
39 6.39082
40 6.31199
41 6.08483
42 6.36398
43 5.96075
44 8.5587
45 6.28519
46 -4907.88457
47 6.71356
48 7.19221
49 8.4019
50 6.09979
51 9.25585
52 053 8.3526
54 7.5444
55 6.37456
56 14.5486
57 13.6308
58 13.3714
59 6.15369
60 12.85753
61 12.7123
62 12.5467
63 064 8.5587
65 12.4325
66 6.28519
67 6.08958
68 6.10553
69 7.14259
70 7.40258
71 7.19221
72 8.82309
73 6.5625
74 6.09979
75 7.14985
76 9.25585
77 7.2512799999999995
78 5.97018
79 5.906789999999999
80 6.05929
81 7.5444
82 7.24136
83 5.99702
84 14.5486
85 13.99262
86 13.6308
87 13.4586
88 13.3714
89 13.185960000000001
90 13.1544
91 12.85753
92 12.786150000000001
93 12.7123
94 12.5755
95 12.5467
96 12.4206
97 12.4143
98 12.373099999999999
99 12.2864
100 12.2083
101 12.1093
102 12.0977
103 12.0333
104 12.0159
105 11.9666
106 11.96287
107 11.939409999999999
108 11.8934
109 11.8333
110 11.7524
111 11.70923
112 11.6931
113 11.68876
114 11.6643
115 11.6254
116 11.59743
117 11.5374
118 11.525
119 11.5206
120 11.4837
121 11.4574
122 11.4532
123 11.4153
124 11.40602
125 11.382
126 11.3796
127 11.3763
128 11.383880000000001
129 11.36308
130 11.35578
131 11.32218
132 11.303180000000001
133 11.289280000000002
134 11.287880000000001
135 11.280180000000001
136 11.264880000000002
137 11.23491
138 11.22696
139 11.218990000000002
140 11.211079999999999
141 11.200980000000001
142 11.17454
143 11.16817
144 11.140540000000001
145 11.13598
146 11.133980000000001
147 11.12516
148 11.11989
149 11.114559999999999
150 11.107289999999999
151 11.102219999999999
152 11.093499999999999
153 11.08943
154 11.06977
155 11.06361
156 11.05265
157 11.036100000000001
158 11.02699
159 11.026580000000001
160 11.02102
161 11.019649999999999
162 11.008510000000001
163 10.994779999999999
164 10.97491
165 10.97106
166 13.640830000000001
167 11.92755
168 12.65898
169 11.36262
170 12.030090000000001
171 11.25402
172 11.02983
173 11.99643
174 11.29426
175 11.050139999999999
176 13.68032
177 11.26274
178 12.388110000000001
179 11.12528
180 11.93731
181 11.187080000000002
182 11.50999
183 11.455490000000001
184 11.3479
185 11.97233
186 11.36713
187 11.10044
188 10.95982
189 12.44327
190 11.076500000000001
191 12.2304
192 11.55057
193 12.185070000000001
194 11.596779999999999
195 11.05294
196 11.43699
197 12.02475
198 11.09558
199 11.00928
200 12.472480000000001
201 11.538820000000001
202 11.84531
203 11.70886
204 11.40368
205 13.149650000000001
206 11.1393
207 11.699900000000001
208 11.859750000000002
209 12.7237
210 11.057889999999999
211 11.13927
212 11.20855
213 11.29762
214 13.06061
215 12.64088
216 10.991499999999998
217 12.4609
218 12.76211
219 11.20398
220 11.902069999999998
221 12.07725
222 12.22494
223 11.46639
224 11.52195
225 11.44152
226 11.12228
227 10.96814
228 11.435920000000001
229 12.2905
230 12.002880000000001
231 13.47451
232 12.61412
233 11.32786
234 10.96006
235 12.81123
236 11.98301
237 11.46574
238 12.22165
239 12.08712
240 10.987300000000001
241 12.11084
242 11.91882
243 11.79224
244 10.959309999999999
245 11.25749
246 12.902040000000001
247 11.37194
248 13.066370000000001
249 11.32792
