3 2.5190099999999997
4 1.7989499999999998
5 1.7989499999999998
6 2.03897
7 2.03897
8 2.0526799999999996
9 3.89126
10 3.71551
11 2.8598
12 2.3354800000000004
13 3.11186
14 3.11186
15 2.3906
16 8.3887
17 2.3906
18 7.43102
19 7.188599999999999
20 7.66864
21 7.43102
22 6.58855
23 7.188599999999999
24 6.22852
25 6.2297199999999995
26 6.7880199999999995
27 6.10851
28 6.58855
29 5.87209
30 6.34853
31 6.06916
32 6.22852
33 6.2297199999999995
34 6.79203
35 6.10851
36 6.10851
37 038 8.62872
39 5.87209
40 7.190999999999999
41 5.86858
42 6.06916
43 8.02867
44 9.472430000000001
45 8.15588
46 7.1520600000000005
47 6.708559999999999
48 7.31581
49 8.589120000000001
50 6.94858
51 8.26869
52 6.1877200000000006
53 8.62872
54 8.11388
55 6.54175
56 7.190999999999999
57 6.31199
58 6.1961200000000005
59 6.299329999999999
60 6.55855
61 8.26869
62 6.05571
63 6.34853
64 8.71153
65 8.15588
66 6.35093
67 7.158600000000001
68 6.31199
69 6.82857
70 7.87626
71 7.39862
72 8.589120000000001
73 6.6677599999999995
74 6.17572
75 7.276209999999999
76 9.43404
77 6.1877200000000006
78 6.07197
79 8.3887
80 6.19852
81 7.59064
82 6.54175
83 084 14.66884
85 14.090340000000001
86 13.756739999999999
87 6.1961200000000005
88 13.50234
89 6.299329999999999
90 13.27674
91 12.92024
92 12.79904
93 12.79424
94 6.05571
95 12.68024
96 7.31461
97 12.5525
98 8.71153
99 12.44024
