1024 12281.368061246927
5120 12281.368061246927
9216 10219.458887635854
13312 10205.30197329081
17408 10185.912803015983
21504 10173.46553539849
25600 10155.103336110118
29696 10143.133079094647
33792 10127.483656575447
37888 10117.077508274464
41984 10101.508320920184
46080 10086.48371781486
50176 10067.839937076
54272 10059.531995991907
58368 10039.510966008806
62464 10029.874136833341
66560 10014.376106324507
70656 12281.368061246927
87040 12281.368061246927
91136 10205.30197329081
95232 8808.905252653856
99328 10173.46553539849
