1024 4220.052668235449
2048 4220.052668235449
3072 4219.878760905131
4096 4219.687479396057
5120 4219.548376462832
6144 4220.052668235449
7168 4220.052668235449
8192 4219.687479396057
9216 4219.548376462832
10240 3375.5135172999185
11264 3375.249270728612
12288 3375.1380213912557
13312 3374.873833604548
14336 3374.651391755338
15360 3374.5401818264204
16384 3374.234392312413
17408 3374.0954153984294
18432 3373.831390799391
19456 3373.7063409370767
20480 3373.4701609316576
21504 3373.5951932857542
22528 3373.095119470648
23552 3372.970124180638
24576 3372.6785045266843
25600 4014.7731104297845
26624 3372.970124180638
27648 3372.872912026153
28672 3372.6785045266843
29696 3372.553540110826
