1024 4065.089062766721
2048 4065.0890627667222
3072 4065.089062766721
4096 4065.089062766721
5120 4065.089062766721
6144 4065.089062766721
7168 4065.089062766721
8192 4065.089062766721
9216 4065.089062766721
10240 4065.089062766721
11264 4065.089062766721
12288 4065.089062766721
13312 4065.089062766721
14336 4065.089062766721
15360 4065.089062766721
16384 4065.089062766721
17408 4065.089062766721
18432 4065.089062766721
19456 4065.089062766721
20480 4065.089062766721
21504 4065.089062766721
22528 4065.089062766721
23552 4065.089062766721
24576 4065.089062766721
25600 4065.089062766721
26624 4065.089062766721
27648 4065.089062766721
28672 4065.089062766721
29696 4065.089062766721
