2 8165.8692185008
3 3835.7806412945756
4 4220.052668235449
5 8110.707537028866
6 9606.22903914257
7 9755.47792950143
8 11142.303758351287
9 6544.124108291194
10 6937.865228806143
11 9789.530967333912
12 12724.97566431249
13 10881.606737244796
14 13889.336306067258
15 16000.58825692121
16 4392.482214206682
17 5183.276898772116
18 5570.06849715581
19 6356.094195916559
20 6609.863155176865
21 7101.847831331113
22 7275.647956504279
23 8154.08675820903
24 8990.210854391946
25 9715.115746496198
26 9905.798841832786
27 10620.345402110419
28 10988.063960672604
29 11911.661563200301
30 11912.0691129929
31 12168.8702371979
32 7663.687294188086
33 9274.714240982124
34 11168.743031654467
35 10446.933998031272
36 11234.78070061469
37 13595.326606479024
38 9625.077839527205
39 11823.747754039912
40 12287.908555099126
41 14389.60126471105
42 15342.713875700045
43 12113.52401663193
44 15788.636819915679
45 12698.916623675543
46 14658.369800322656
47 15557.766669248505
48 13948.139095884462
49 13162.736999964294
50 15268.504847957975
51 14408.399724408302
52 20249.192949035907
53 15201.973038335367
54 16220.395427453632
55 20509.41819672593
56 21959.790422809798
57 21827.130829078294
58 22213.932024395093
59 22298.165815957578
60 21883.16116643987
61 17236.702153611957
62 24394.245690559073
63 20044.19405130976
64 17468.073422365545
65 24348.25615126354
66 25090.092741826422
67 26232.350999576327
68 26499.255592880552
69 23225.188622054466
70 22962.804859927215
71 24203.96512337654
72 19962.167449272307
73 27150.628571428573
74 29545.9351879327
75 25779.561808989
76 20356.423235035138
77 25983.82630376982
78 31559.517468485035
79 32244.92490845282
80 31771.379154983504
81 25788.664439849425
82 27150.700973297833
83 33125.785806950786
84 13936.186299712686
85 14782.649711061973
86 15325.292719429526
87 15825.717385166361
88 15775.760204615823
89 16152.938428449652
90 16191.692513531592
91 16884.11382279489
92 16818.197815605166
93 16915.90034848139
94 17425.629199634208
95 17628.858584328947
96 17972.722734811523
97 18311.785602087915
98 18703.800987626386
99 19169.162651386898
100 19627.302736662765
101 19787.766427456583
102 19976.028501285367
103 19912.742140559945
104 20282.45907505888
105 20537.16176691792
106 20714.761591491006
107 20926.997230181394
108 21180.150335480183
109 21460.792847303797
110 21957.047071236513
111 22387.808592025267
112 22068.399312415015
113 22427.015354922165
114 22649.623209279594
115 23077.74356151186
116 23486.582803259
117 23608.78534158476
118 23989.587852494577
119 24354.28710310227
120 24789.2229856231
121 25024.874753434462
122 25212.86627318129
123 25655.392324336637
124 26035.374302342098
125 25910.384818133898
126 26275.7917677247
127 26643.460527588053
128 28244.85149175852
129 27755.854926657208
130 30478.927911600967
131 31112.029662132205
132 29896.011564887045
133 30295.643300547064
134 30843.701385911256
135 31409.42786373976
136 31997.500195297238
137 34999.47930156984
138 35753.935170339966
139 36144.430113584196
140 34343.167652001415
141 34922.658553090885
142 37571.12149582891
143 38692.820757563684
144 39707.949524888376
145 40092.02602734559
146 38627.69647511491
147 37369.709739006
148 38308.29261800252
149 38879.45181815565
150 39458.04962326545
151 39107.13352824931
152 39137.87352954433
153 38967.55739474436
154 41071.85605482318
155 41650.05816365544
156 43359.0134492633
157 43424.03566477288
158 44574.26732045644
159 44575.92472008546
160 45527.546452143266
161 46090.75605849551
162 45951.35944828137
163 47312.63381350059
164 47025.07810997995
165 48908.30968019499
166 39636.29779126343
167 45844.787906988444
168 44166.591621125874
169 49385.79306533177
170 47496.90151944
171 48588.50437443687
172 52175.6001679083
173 49337.34452666335
174 52042.01072048988
175 53562.39830445588
176 43713.59734275222
177 53824.20263630342
178 49265.303585454116
179 55409.661599528285
180 51983.57083798611
181 56385.044175960116
182 56404.56681543598
183 56851.69294373265
184 57932.12841142414
185 55936.98135617712
186 59815.978175669676
187 61437.56463707745
188 62132.40728406123
189 55136.63209108217
190 63049.519252471444
191 57100.99424385139
192 60639.08534384017
193 59246.274334082605
194 62163.46261634696
195 64851.523667006244
196 62673.83288784899
197 60291.64847502027
198 63125.67707141042
199 64178.58388559469
200 56977.92259438379
201 61943.24896306554
202 59994.71520795995
203 60693.867720683316
204 63754.8580809002
205 57937.35954949371
206 69220.86666128034
207 67392.02899170078
208 66224.66746769534
209 62371.79436799045
210 71767.7603955185
211 72622.35317036035
212 71351.24525473856
213 71241.9075876158
214 60762.858702618025
215 63428.49548449159
216 73878.1785925488
217 65330.75460039002
218 63628.34985750789
219 72385.70579383399
220 68828.36346954774
221 68338.7360533234
222 67764.42256567313
223 75998.11274516216
224 76431.50681959216
225 77147.79155217139
226 79822.48244065065
227 77023.08686796486
228 76469.23028492679
229 71318.82348155079
230 72857.18094324028
231 65811.96644627523
232 70463.25863397526
233 78645.0397515506
234 82872.53901894698
235 70498.14888968506
236 77848.88771685911
237 81539.61279428977
238 75742.30975359301
239 78872.71740497323
240 86674.61523759249
241 79817.41976609385
242 80330.09979175791
243 82408.09210124625
244 89138.45853434205
245 87323.19549029134
246 75795.76563086147
247 86354.30718065695
248 75626.20681949156
249 87955.42341400715
250 88179.91116272527
