2 8511.34569030006
3 3935.1066078279414
4 4065.0890627667222
5 7969.093082075656
6 9107.534950943607
7 9039.858359858164
8 9977.200537833469
9 6315.692089451746
10 7165.638095443156
11 9309.741939995803
12 13153.612961789437
13 11188.163991953365
14 14578.343522318062
15 15420.396553166569
16 4638.621002062298
17 5341.233908489641
18 6063.232234605747
19 6552.5971677378075
20 6778.939006243002
21 7240.9922186440235
22 7460.215070083706
23 8387.453473481262
24 9206.681523058447
25 9862.401520453568
26 10393.369250439142
27 10728.639226259758
28 11285.630792352007
29 12206.897373848153
30 12214.19832395571
31 12485.418080920588
32 7783.430439707656
33 9466.082055298415
34 11295.419583338304
35 10917.72476321829
36 11494.722662759874
37 13679.552475578192
38 9731.223170991758
39 12250.50774837938
40 12531.219580030596
41 14516.746396409877
42 15748.407669364587
43 12244.1201344681
44 15807.123853868532
45 13057.573186461792
46 14876.651859302097
47 15595.651798253513
48 14301.203870872723
49 13352.706680078982
50 15464.528000445116
51 14613.19749561297
52 20520.64411447189
53 15380.690691048672
54 16406.454125523178
55 20975.427064623378
56 22036.384465792053
57 22661.697446325365
58 22806.530538466006
59 22757.97584822513
60 22170.75420634134
61 17337.691943947593
62 24349.911075662472
63 20439.093813614123
64 17631.80520528541
65 24501.29967387741
66 25152.851629603854
67 26452.600375864586
68 26573.28714992571
69 23369.320892352152
70 23421.80607806293
71 24082.328866734606
72 20141.37316368554
73 27643.466471498676
74 30177.53395555498
75 26176.264841174187
76 20623.190064913866
77 26569.294928795563
78 32147.465925107106
79 32370.330489931195
80 32709.743616218064
81 26171.179241803064
82 27439.633401993768
83 33162.12522588459
84 14101.18318830937
85 14970.823982955697
86 15631.610396067674
87 15933.368269779829
88 16381.160598829536
89 16536.644042881053
90 16968.020764133365
91 17753.230590143838
92 17761.332099907493
93 17607.92356560452
94 17929.433143203274
95 17766.225244948047
96 18437.45618172316
97 18486.943851531843
98 19124.409124280326
99 19425.99178150904
100 19697.700804653166
