10 4220.191804420486
30 4218.713951418873
50 4219.704867907579
70 4219.896150993158
90 4219.983103583277
110 4220.035276857392
130 4220.070059756852
150 4220.0874514216
170 4220.104843229699
190 4220.104843229699
210 4220.1222351811475
230 4220.1222351811475
250 4220.13962727595
270 4220.13962727595
290 4220.139627275949
310 4220.139627275949
330 4220.157019514105
350 4220.157019514105
370 4220.157019514105
390 4220.157019514105
410 4220.157019514105
430 4220.157019514105
450 4220.157019514105
470 4220.157019514105
490 4220.174411895617
510 4220.174411895617
530 4220.174411895617
550 4220.174411895617
570 4220.174411895617
590 4220.174411895617
610 4220.174411895617
630 4220.174411895617
650 4220.191804420487
670 4220.191804420487
690 4220.174411895617
710 4220.174411895617
730 4220.174411895617
750 4220.174411895617
770 4220.174411895617
790 4220.174411895617
810 4220.174411895617
830 4220.174411895617
850 4220.174411895617
870 4220.174411895617
890 4220.174411895617
910 4220.174411895617
930 4220.174411895617
950 4220.174411895617
970 4220.174411895617
990 4220.174411895617
