10 4065.089062766721
30 4065.0890627667213
50 4065.0890627667222
70 4065.0890627667213
90 4065.0890627667213
110 4065.0890627667222
130 4065.0890627667222
150 4065.089062766721
170 4065.0890627667222
190 4065.0890627667213
210 4065.0890627667222
230 4065.0890627667222
250 4065.0890627667222
270 4065.0890627667213
290 4065.0890627667213
310 4065.0890627667213
330 4065.0890627667213
350 4065.0890627667213
370 4065.0890627667222
390 4065.0890627667222
410 4065.0890627667222
430 4065.0890627667222
450 4065.0890627667222
470 4065.0890627667222
490 4065.0890627667222
510 4065.0890627667222
530 4065.0890627667222
550 4065.0890627667222
570 4065.0890627667222
590 4065.0890627667222
610 4065.0890627667222
630 4065.0890627667222
650 4065.0890627667222
670 4065.0890627667222
690 4065.0890627667222
710 4065.0890627667222
730 4065.0890627667222
750 4065.0890627667222
770 4065.0890627667222
790 4065.0890627667222
810 4065.0890627667222
830 4065.0890627667222
850 4065.0890627667222
870 4065.0890627667222
890 4065.0890627667222
910 4065.0890627667222
930 4065.0890627667222
950 4065.0890627667222
970 4065.0890627667222
990 4065.0890627667222
