10 2.4264300000000003
20 2.4272799999999997
30 2.42685
40 2.42671
50 2.42664
60 2.4266000000000005
70 2.42657
80 2.4265499999999998
90 2.4265299999999996
100 2.42652
110 2.42651
120 2.4265
130 2.4265
140 2.4264900000000003
150 2.4264900000000003
160 2.4264799999999997
170 2.42647
180 2.4264799999999997
190 2.42647
200 2.42647
210 2.42647
220 2.42647
230 2.4264300000000003
240 2.42685
250 2.42671
260 2.4264599999999996
270 2.42646
280 2.4265499999999998
290 2.42646
300 2.42651
310 2.4265
320 2.4264900000000003
330 2.4264900000000003
340 2.42647
350 2.4264799999999997
360 0370 2.42645
380 2.42647
390 2.42647
400 2.4264599999999996
410 2.4264599999999996
420 2.42646
430 2.42646
440 2.42645
450 2.42645
460 2.42645
470 2.42645
480 2.42645
490 2.42645
500 2.42645
510 2.42645
520 2.42645
530 2.42645
540 2.42645
550 0560 2.42644
570 2.42644
580 2.42644
590 0600 2.42644
610 2.42644
620 2.42644
630 2.42644
640 2.42644
650 2.42644
660 2.42644
670 2.42644
680 2.42643
690 0700 2.42644
710 2.42644
720 2.42644
730 2.42644
740 2.42644
750 2.42644
760 2.42644
770 2.42644
780 2.42644
790 2.42644
800 2.42644
810 2.42644
820 2.42644
830 2.42644
840 2.42644
850 2.5190099999999997
860 2.42644
870 2.42644
880 2.42644
890 2.42644
900 0910 2.42644
920 2.42644
930 2.42644
940 2.42644
950 2.42644
960 2.42644
970 2.42644
980 2.42644
990 2.42644
