10 2.5190100000000006
20 2.5190099999999997
30 2.5190099999999997
40 2.5190099999999997
50 2.51901
60 2.51901
70 2.51901
80 2.4265499999999998
90 2.51901
100 2.51901
110 2.5190099999999997
120 2.5190099999999997
130 2.51901
140 2.51901
150 2.5190099999999997
160 2.51901
170 2.5190099999999997
180 2.51901
190 0200 2.5190099999999997
210 2.5190099999999997
220 2.5190099999999997
230 2.5190099999999997
240 2.5190099999999997
250 2.5190099999999997
260 2.51901
270 2.51901
280 2.5190099999999997
290 2.51901
300 2.5190099999999997
310 2.5190099999999997
320 2.51901
330 2.51901
340 2.5190099999999997
350 2.5190099999999997
360 2.5190099999999997
370 2.5190099999999997
380 2.5190099999999997
390 2.5190099999999997
400 2.5190099999999997
410 2.5190099999999997
420 2.5190099999999997
430 2.5190099999999997
440 2.5190099999999997
450 2.5190099999999997
460 0470 2.5190099999999997
480 2.5190099999999997
490 2.5190099999999997
500 2.5190099999999997
510 2.5190099999999997
520 0530 2.5190099999999997
540 2.5190099999999997
550 2.5190099999999997
560 2.5190099999999997
570 2.5190099999999997
580 2.5190099999999997
590 2.5190099999999997
600 2.5190099999999997
610 2.5190099999999997
620 2.5190099999999997
630 2.5190099999999997
640 2.5190099999999997
650 2.5190099999999997
660 2.42643
670 2.5190099999999997
680 2.5190099999999997
690 2.5190099999999997
700 2.5190099999999997
710 2.5190099999999997
720 2.5190099999999997
730 2.5190099999999997
740 2.5190099999999997
750 2.5190099999999997
760 2.5190099999999997
770 2.5190099999999997
780 2.5190099999999997
790 2.5190099999999997
800 2.5190099999999997
810 2.5190099999999997
820 2.5190099999999997
830 2.5190099999999997
840 2.5190099999999997
850 2.5190099999999997
860 2.5190099999999997
870 2.5190099999999997
880 0890 2.5190099999999997
900 2.5190099999999997
910 2.5190099999999997
920 2.5190099999999997
930 2.5190099999999997
940 2.5190099999999997
950 2.5190099999999997
960 2.5190099999999997
970 2.5190099999999997
980 2.5190099999999997
990 2.5190099999999997
